[gd_scene load_steps=18 format=2]

[ext_resource path="res://wood.tres" type="Material" id=1]
[ext_resource path="res://global/chapters/environment.tres" type="Environment" id=2]
[ext_resource path="res://resources/Models/3D/Voxel Universe Objects-43.obj" type="ArrayMesh" id=3]
[ext_resource path="res://resources/Textures/walls_and_floors/BuildingTextures/BRICKS.png" type="Texture" id=4]
[ext_resource path="res://resources/Models/stone_bricks/glass.obj" type="ArrayMesh" id=5]
[ext_resource path="res://resources/Models/3D/Voxel Universe Objects-7.obj" type="ArrayMesh" id=6]
[ext_resource path="res://resources/Textures/walls_and_floors/Elements/TALLGRASS.png" type="Texture" id=7]
[ext_resource path="res://global/objects/table.tscn" type="PackedScene" id=8]
[ext_resource path="res://main_screen.gd" type="Script" id=9]
[ext_resource path="res://inventory_system/data/resources/settings_data.tres" type="Resource" id=10]
[ext_resource path="res://resources/Models/3D/Voxel Universe Objects-6.obj" type="ArrayMesh" id=11]
[ext_resource path="res://resources/Models/3D/Voxel Universe Objects-13.obj" type="ArrayMesh" id=12]
[ext_resource path="res://resources/Models/3D/Voxel Universe Objects-35.obj" type="ArrayMesh" id=13]
[ext_resource path="res://resources/Models/3D/Voxel Universe Objects-62.obj" type="ArrayMesh" id=14]

[sub_resource type="PlaneMesh" id=1]

[sub_resource type="SpatialMaterial" id=4]
flags_world_triplanar = true
albedo_texture = ExtResource( 7 )
uv1_scale = Vector3( 0.5, 0.5, 0.5 )
uv1_offset = Vector3( 0.5, 0, 0.5 )
uv1_triplanar = true

[sub_resource type="SpatialMaterial" id=3]
flags_world_triplanar = true
albedo_texture = ExtResource( 4 )
uv1_scale = Vector3( 0.5, 0.5, 0.5 )
uv1_offset = Vector3( 0.5, 0, 0.5 )
uv1_triplanar = true

[node name="main_screen" type="Spatial"]
script = ExtResource( 9 )
setting_data = ExtResource( 10 )

[node name="CameraMain" type="Camera" parent="."]
transform = Transform( -0.684043, -0.0513936, 0.727629, -0.0835185, 0.996473, -0.00813315, -0.724645, -0.0663339, -0.685923, -2.725, 1.269, 13.408 )

[node name="CameraDictionary" type="Camera" parent="."]
transform = Transform( -0.759475, -0.384616, 0.524661, -0.0713148, 0.850867, 0.520518, -0.646616, 0.357904, -0.673641, -5.846, 1.37, 14.526 )

[node name="CameraUserProfile" type="Camera" parent="."]
transform = Transform( 0.390727, 0.611499, -0.688042, -0.0208532, 0.753149, 0.65752, 0.920271, -0.242563, 0.307027, -7.083, 1.324, 16.428 )

[node name="floor" type="CSGMesh" parent="."]
transform = Transform( 69, 0, 0, 0, 1, 0, 0, 0, 69, 3.96115, 0, -48.2268 )
use_collision = true
mesh = SubResource( 1 )
material = ExtResource( 1 )

[node name="floor2" type="CSGMesh" parent="."]
transform = Transform( 69, 0, 0, 0, 1, 0, 0, 0, 21.4108, -3.99733, -1.23273, 38.5342 )
use_collision = true
mesh = SubResource( 1 )
material = SubResource( 4 )

[node name="floor3" type="CSGBox" parent="."]
transform = Transform( 1, 0, 0, 0, 1, 0, 0, 0, 1, -10.8785, 0, -0.417205 )
use_collision = true
height = 39.599
depth = 36.7899
material = SubResource( 3 )

[node name="CSGCombiner" type="CSGCombiner" parent="."]
transform = Transform( 69, 0, 0, 0, -4.37114e-08, 69, 0, -1, -3.01609e-06, -2.2361, 0, 19.3337 )

[node name="floor2" type="CSGBox" parent="CSGCombiner"]
use_collision = true
material = SubResource( 3 )

[node name="floor3" type="CSGBox" parent="CSGCombiner"]
transform = Transform( 1, 0, 0, 0, 1, -6.82121e-13, 0, 0, 1, 0, 0, 0.0434783 )
operation = 2
use_collision = true
width = 0.175044
height = 3.51374
depth = 0.0404968
material = SubResource( 3 )

[node name="WorldEnvironment" type="WorldEnvironment" parent="."]
environment = ExtResource( 2 )

[node name="object_table" parent="." instance=ExtResource( 8 )]
transform = Transform( 0.871779, 0, -0.4899, 0, 1, 0, 0.4899, 0, 0.871779, -5.93628, -7.15256e-07, 15.819 )

[node name="Spatial" type="Spatial" parent="."]
transform = Transform( 0.625, 0, 0, 0, 0.625, 0, 0, 0, 0.625, 5.23547, 1, 18.8704 )

[node name="glass" type="MeshInstance" parent="Spatial"]
mesh = ExtResource( 5 )
skeleton = NodePath("../..")

[node name="glass2" type="MeshInstance" parent="Spatial"]
transform = Transform( 1, 0, 0, 0, 1, 0, 0, 0, 1, -3.2, 0, 0 )
mesh = ExtResource( 5 )
skeleton = NodePath("../..")

[node name="glass3" type="MeshInstance" parent="Spatial"]
transform = Transform( 1, 0, 0, 0, 1, 0, 0, 0, 1, -6.4, 0, 0 )
mesh = ExtResource( 5 )
skeleton = NodePath("../..")

[node name="glass4" type="MeshInstance" parent="Spatial"]
transform = Transform( 1, 0, 0, 0, 1, 0, 0, 0, 1, -9.6, 0, 0 )
mesh = ExtResource( 5 )
skeleton = NodePath("../..")

[node name="glass5" type="MeshInstance" parent="Spatial"]
transform = Transform( 1, 0, 0, 0, 1, 0, 0, 0, 1, -12.8, 0, 0 )
mesh = ExtResource( 5 )
skeleton = NodePath("../..")

[node name="glass6" type="MeshInstance" parent="Spatial"]
transform = Transform( 1, 0, 0, 0, 1, 0, 0, 0, 1, -16, 0, 0 )
mesh = ExtResource( 5 )
skeleton = NodePath("../..")

[node name="glass7" type="MeshInstance" parent="Spatial"]
transform = Transform( 1, 0, 0, 0, 1, 0, 0, 0, 1, -19.2, 0, 0 )
mesh = ExtResource( 5 )
skeleton = NodePath("../..")

[node name="glass8" type="MeshInstance" parent="Spatial"]
transform = Transform( 1, 0, 0, 0, 1, 0, 0, 0, 1, 0, 3.2, 0 )
mesh = ExtResource( 5 )
skeleton = NodePath("../..")

[node name="glass9" type="MeshInstance" parent="Spatial"]
transform = Transform( 1, 0, 0, 0, 1, 0, 0, 0, 1, -3.2, 3.2, 0 )
mesh = ExtResource( 5 )
skeleton = NodePath("../..")

[node name="glass10" type="MeshInstance" parent="Spatial"]
transform = Transform( 1, 0, 0, 0, 1, 0, 0, 0, 1, -6.4, 3.2, 0 )
mesh = ExtResource( 5 )
skeleton = NodePath("../..")

[node name="glass11" type="MeshInstance" parent="Spatial"]
transform = Transform( 1, 0, 0, 0, 1, 0, 0, 0, 1, -9.6, 3.2, 0 )
mesh = ExtResource( 5 )
skeleton = NodePath("../..")

[node name="glass12" type="MeshInstance" parent="Spatial"]
transform = Transform( 1, 0, 0, 0, 1, 0, 0, 0, 1, -12.8, 3.2, 0 )
mesh = ExtResource( 5 )
skeleton = NodePath("../..")

[node name="glass13" type="MeshInstance" parent="Spatial"]
transform = Transform( 1, 0, 0, 0, 1, 0, 0, 0, 1, -16, 3.2, 0 )
mesh = ExtResource( 5 )
skeleton = NodePath("../..")

[node name="glass14" type="MeshInstance" parent="Spatial"]
transform = Transform( 1, 0, 0, 0, 1, 0, 0, 0, 1, -19.2, 3.2, 0 )
mesh = ExtResource( 5 )
skeleton = NodePath("../..")

[node name="Spatial3" type="Spatial" parent="."]

[node name="Spatial4" type="Spatial" parent="Spatial3"]
transform = Transform( 0.591127, 0, -0.806579, 0, 1, 0, 0.806579, 0, 0.591127, -6.71677, 0.938821, 15.8792 )

[node name="Voxel Universe Objects-13" type="MeshInstance" parent="Spatial3/Spatial4"]
transform = Transform( 1, 0, 0, 0, 1, 0, 0, 0, 1, 1.44931, 0, -0.70839 )
mesh = ExtResource( 12 )

[node name="Spatial3" type="Spatial" parent="Spatial3"]
transform = Transform( -0.844262, 0, 0.53593, 0, 1, 0, -0.53593, 0, -0.844262, -6.0799, 0.938821, 15.376 )

[node name="Voxel Universe Objects-7" type="MeshInstance" parent="Spatial3/Spatial3"]
transform = Transform( 1, 0, 0, 0, 1, 0, 0, 0, 1, 5.53337, 0, 0.710238 )
mesh = ExtResource( 6 )

[node name="Spatial2" type="Spatial" parent="Spatial3"]
transform = Transform( -0.997865, 0, 0.065316, 0, 1, 0, -0.065316, 0, -0.997865, -5.24687, 0.902671, 15.751 )

[node name="Voxel Universe Objects-43" type="MeshInstance" parent="Spatial3/Spatial2"]
transform = Transform( 1, 0, 0, 0, 1, 0, 0, 0, 1, 1.69514, 0.0246572, 2.0792 )
mesh = ExtResource( 3 )

[node name="Spatial" type="Spatial" parent="Spatial3"]
transform = Transform( 0.625, 0, 0, 0, 0.625, 0, 0, 0, 0.625, -5.61971, 1, 16.2605 )

[node name="Voxel Universe Objects-35" type="MeshInstance" parent="Spatial3/Spatial"]
transform = Transform( 1, 0, 0, 0, 1, 0, 0, 0, 1, 1.6667, 0, 2.7936 )
mesh = ExtResource( 13 )

[node name="Spatial" type="Spatial" parent="Spatial3/Spatial"]
transform = Transform( 0.486335, 0, -0.873772, 0, 1, 0, 0.873772, 0, 0.486335, -0.0847244, 0, -0.575388 )

[node name="Voxel Universe Objects-35" type="MeshInstance" parent="Spatial3/Spatial/Spatial"]
transform = Transform( 1, 0, 0, 0, 1, 0, 0, 0, 1, 1.6667, 0, 2.7936 )
mesh = ExtResource( 13 )

[node name="Spatial" type="Spatial" parent="Spatial3/Spatial/Spatial"]
transform = Transform( 0.735388, 0, 0.677647, 0, 1, 0, -0.677647, 0, 0.735388, 0.158245, 0, 1.00222 )
__meta__ = {
"_edit_group_": true
}

[node name="Voxel Universe Objects-6" type="MeshInstance" parent="Spatial3/Spatial/Spatial/Spatial"]
transform = Transform( 1, 0, 0, 0, 1, 0, 0, 0, 1, 2.67477, 0, 5.17241 )
mesh = ExtResource( 11 )

[node name="Spatial5" type="Spatial" parent="Spatial3"]
transform = Transform( -0.993312, 0, 0.115457, 0, 1, 0, -0.115457, 0, -0.993312, -2.58766, -4.76837e-07, 17.6934 )
__meta__ = {
"_edit_group_": true
}

[node name="Voxel Universe Objects-62" type="MeshInstance" parent="Spatial3/Spatial5"]
transform = Transform( 1, 0, 0, 0, 1, 0, 0, 0, 1, 5.41832, 0, 5.56107 )
mesh = ExtResource( 14 )
